485060
485087
485089
485124
485126
485128
485141
485155
485156
485157
485158
485166
485167
485252
485255
485276
485277
485278
485279
485317
485318
485319
485320
485354
485355
485362
485366
485378
485379
485380
485381
485382
485383
485384
485385
485388
485409
485410
485411
485412
485562
485568
485578
485579
485585
485710
485711
485712
485713
485714
485715
485736
485737
485738
485739
485740
485741
485743
485744
485745
485746
485747
485748
485749
485764
485783
485792
485800
485805
485808
485810
485812
485814
485817
485818
485820
485822
485824
485825
485865
485868
485894
485895
485903
485907
485911
485946
485961
485962
486019
486020
486077
486078
486079
486199
486200
486202
486203
486204
486205
486210
486211
486212
486215
486233
486235
486236
486287
486311
486313
486317
486320
486325
486330
486334
486339
486369
486370
486371
486373
486375
486389
486390
486393
486446
486447
486448
486450
486453
486454
486470
486472
486473
486474
486475
486476
486477
486501
486507
486508
486509
486510
486511
486512
486513
486514
486521
486543
486549
486571
486575
486576
486577
486578
486581
486582
486583
486585
486627
486648
486649
486650
486651
486663
486664
486665
486666
486667
486668
486669
486670
486674
486727
486741
486742
486743
486744
486761
486763
486764
486766
486768
486769
486773
486776
486779
486783
486785
486792
486793
486794
486795
486798
486805
486811
486812
486813
486826
486828
486829
486830
486831
486867
486870
486906
486907
486908
486946
486947
486948
486949
486950
487012
487015
487018
487035
487036
487037
487038
487053
487054
487055
487056
487073
487084
487085
487086
487087
487120
487162
487163
487214
487246
487282
487284
487286
487299
487303
487306
487331
487358
487400
487402
487404
487406
487408
487409
487412
487414
487416
487451
487479
487514
487540
487541
487567
487572
487664
487665
487666
487667
487668
487669
487688
487704
487705
487706
487707
487711
487713
487715
487747
487748
487749
487750
487755
487766
487769
487796
487801
487802
487803
487804
487805
487806
487836
487972
487988
487989
487990
487991
487992
487993
488002
488005
488008
488011
488012
488021
488026
488031
488040
488045
488048
488052
488054
488101
488107
488108
488109
488110
488111
488112
488113
488114
488117
488125
488128
488129
